1.27246614863562
0.624959478856365
1.18098931266588
-2.01979932515715
-0.917387471901436
-1.43098663377644
0.124272266283015
-0.365655539624725
-0.357260566928586
-0.175252178820861
-1.45795648380283
-0.0512086079796431
-0.615487541454557
-0.274806276156786
-1.19323169196522
-0.242246832261989
-0.206000870215218
-0.0448722286450150
-0.277888053214781
-0.295483804176205
-0.456065258110491
-1.04330043368883
0.0276731548470746
-0.292457768116928
0.0155141655534485
-0.327449549828591
-0.143816567305046
-0.924514979534697